1005 1009 1008 8056
1002 1001 1008 1001
1009 1002 1001 1001
7338 1005 1000 1006
1003 1007 1000 1009
1008 1006 1001 1006
1007 2109 1002 1002
1002 1000 1004 5839
1001 1008 1003 1004
1000 1005 1007 1006
1006 1000 1006 1009
1000 1001 1001 5854
1002 1004 1008 1007
1001 1004 1002 1006
1005 1008 1002 1001
1001 1004 1009 1009
1001 1000 1000 1007
1000 1006 1002 8325
1001 6676 1009 1004
1004 1000 1000 1009
1003 1001 1002 4243
1005 1008 1008 1002
4567 1000 1000 1002
1006 1005 1008 1008
1005 1007 1003 1002
1009 1001 1004 1007
1000 1001 1006 1007
1002 1002 1001 1000
7592 1006 2651 1008
1004 1009 1007 1005
1002 1003 9032 1004
1001 1001 1003 1005
1009 5608 1001 1003
1004 1007 1009 1004
1003 1006 1003 1000
1002 1005 1004 1000
1005 1005 1009 1005
1008 1005 1001 1003
1003 1006 1008 1003
1001 1008 1002 1005
1004 1005 1005 1005
1006 1000 1006 1004
1008 1006 1009 1002
1008 1006 9014 7543
9056 1001 6805 1006
1008 1000 1001 5721
1004 1002 1003 1007
1004 5805 1001 1008
1002 1005 1005 1009
1007 1005 1002 8456