60749,60126,1551
71572,70996,1159
71572,72957,676
71572,75568,554
154744,153940,1390
154744,158063,595
175676,132032,1910
175676,177662,862
218198,175019,1351
218198,178411,649
262728,129793,1558
262728,221811,835
262728,222918,956
319938,186746,1639
375805,242631,1871
375805,245442,674
375805,247408,1580
425291,192418,1242
425291,296199,1047
477703,140146,1435
477703,247498,723
533678,83793,1551
533678,199533,1419
609016,159435,1475
609016,161188,723
609016,163858,1463
658790,109142,1093
740594,190551,1719
740594,193002,709
740594,194785,570
830697,280869,1480
830697,283836,1632
849981,300279,1200
849981,302026,994
875882,273634,1708
875882,330358,544
937443,211842,1881
937443,337681,998
937443,339093,1311
1036916,311443,1521
1091162,365948,1273
1091162,367570,638
1091162,368867,661
1177355,279137,1474
1177355,456387,1818
1269053,370876,1123
1269053,373099,985
1342815,444619,1387
1342815,448866,539
1407139,508953,1567
1407139,510905,592
1407139,512892,626
1469341,445876,1577
1550867,364316,1549
1550867,530025,538
1550867,531964,1576
1589985,403512,1574
1589985,407095,1487
1617258,430935,1472
1617258,433516,883
1713829,527489,1236
1713829,531417,1960
1761064,479427,1544
1761064,577124,945
1761064,578846,819
1814419,532636,1790
1854934,573395,1573
1854934,575793,838
1854934,577940,1243
1884383,602964,1564
1884383,607170,1214
1943385,543071,1738
1943385,664204,746
2030931,630587,1906
2030931,635385,554
2067726,667409,1513
2067726,670209,687
2067726,671876,1982
2129987,729688,1552
2223297,635547,1702
2223297,825834,948
2223297,827535,987
2308886,549817,1475
2308886,725366,747
2373920,615036,1442
2373920,616976,858
2412100,653096,1509
2412100,656275,1006
2491926,732896,1484
2491926,735613,591
2491926,736921,1386
2538431,685734,1551
2598341,625797,1279
2598341,748002,759
2598341,749979,907
2635792,588464,1557
2635792,667046,1410
2665770,618201,1772
2665770,620827,842
2757963,525182,1563
2757963,714537,809
2807137,574303,1869
2807137,576190,507
2807137,578727,1201
2832010,599112,1586
2895809,663251,1407
2895809,665359,903
2895809,666284,976
2913630,644859,1273
2913630,685141,798
2947101,678194,1546
2947101,680852,824
3044973,775859,1863
3044973,779418,1910
3097006,828271,1219
3097006,830176,827
3097006,832720,618
3147785,776820,1581
3217964,847099,1106
3217964,849630,788
3217964,850019,1352
3277861,786489,1419
3277861,910739,510
3310682,753418,1490
3310682,821716,508
3404609,847724,1234
3404609,851443,860
3445081,806334,1762
3445081,890443,961
3445081,892209,1729
3528956,890423,1630
3561811,856674,1581
3561811,925752,654
3561811,926519,849
3601432,817409,1419
3601432,900611,1239
3632459,848177,1593
3632459,850098,743
3662603,817269,1641
3662603,882433,1843
3735937,744003,1444
3735937,892417,756
3735937,895174,1806
3802558,810624,1321
3864161,872161,1588
3864161,874826,900
3864161,876396,1912
3894086,902168,1486
3894086,905259,1914
3955466,840061,1403
3955466,965743,686
3971032,824499,1279
3971032,859597,845
3994794,847999,1694
3994794,850817,503
3994794,852145,1705
4022668,876270,1093
4062427,915686,1547
4062427,918461,503
4062427,919672,1570
4104403,872741,1667
4104403,961592,1400
4143199,834367,1187
4143199,913931,711
4176886,868035,1122
4176886,870803,1420
4244795,935518,1866
4244795,937627,805
4244795,939762,1289
4320737,1011651,1787
4377654,953971,1686
4377654,1071064,776
4377654,1072230,1586
4465181,866213,1591
4465181,1046256,841
4492635,893820,1714
4492635,896224,502
4575545,976818,1573
4575545,981067,1984
4648131,1049455,1537
4648131,1051896,693
4648131,1053077,1313
4735799,961107,1462
4767800,992905,1427
4767800,994861,710
4767800,996253,1189
4796264,1021426,1655
4796264,1025609,1603
4832572,984427,1627
4832572,1060123,901
4856960,1008539,1470
4856960,1013297,650
4909648,1061481,1517
4909648,1063414,610
4909648,1065147,1020
4935253,1086966,1663
4988329,1033227,1648
4988329,1142228,757
4988329,1144536,608
5015611,1005827,1405
5015611,1064314,686
5062953,1053092,1427
5062953,1055930,847
5155748,959467,1683
5155748,1150010,1007
5213360,1017337,1340
5213360,1019514,547
5213360,1020862,946
5308386,1111993,1719
5377978,1181895,1549
5377978,1184070,697
5377978,1185749,1149
5458807,1100175,1463
5458807,1266488,1178
5545019,1186301,1977
5545019,1188535,712
5595715,1237020,1924
5595715,1241455,743
5614775,1217197,1511
5614775,1258933,928
5614775,1260818,1931
5713995,1316486,1500
5773834,1376101,1815
5773834,1378187,515
5773834,1380705,556
5831403,1434008,1540
5831403,1438558,1075
5892508,1372308,1318
5892508,1496787,695
5983721,1280764,1775
5983721,1467160,1251
6040515,1337859,1416
6040515,1339696,773
6040515,1342292,1904
6112260,1409511,1298
6164377,1356506,1691
6164377,1463801,741
6164377,1465708,1200
6176290,1368792,1275
6176290,1372115,1922
6200601,1392991,1464
6200601,1395529,840
6297465,1489834,1245
6297465,1494256,1641
6349951,1436676,1597
6349951,1544383,548
6349951,1546682,1421
6403504,1489915,1863
6486695,1405951,1351
6486695,1575660,583
6486695,1578043,869
6497524,1395047,1377
6497524,1420894,1184
6591524,1489284,1353
6591524,1491026,634
6605688,1474506,1540
6605688,1506355,1706
6635010,1503916,1149
6635010,1506300,675
6635010,1508227,791
6655193,1523882,1632
6667073,1535688,1538
6667073,1537649,962
6667073,1540465,848
6719720,1482199,1426
6719720,1592483,995
6747695,1510365,1494
6747695,1512776,978
6803101,1454044,1663
6803101,1569102,1561
6837716,1488710,1439
6837716,1491508,737
6837716,1491966,732
6879661,1446055,1677
6921541,1404130,1749
6921541,1490165,544
6921541,1491147,1594
7005840,1319692,1451
7005840,1492576,869
7097786,1411589,1904
7097786,1413886,951
7115973,1392800,1439
7115973,1433755,1715
7184467,1461026,1728
7184467,1463299,573
7184467,1465812,1171
7272517,1549371,1184
7304259,1516907,1257
7304259,1582692,630
7304259,1583937,668
7384954,1597544,1433
7384954,1601943,1351
7455004,1667587,1557
7455004,1669902,936
7533918,1588148,1221
7533918,1750245,941
7614642,1668599,1540
7614642,1670437,628
7614642,1672006,1543
7692962,1588280,2640