174167
151407
176360
197184
122262
160413
180844
147446
113884
100553
146201
122382
142609
195118
132197
114447
119558
104361
163145
102440
138643
183396
131805
189645
182405
159915
196696
186609
142659
197926
192091
126831
152192
161050
158267
128262
139165
123929
183094
119208
176886
153059
158983
148707
157639
106210
190456
118387
187383
173434
149313
106689
115821
112196
102498
185368
107423
121432
194695
136643
163591
175939
136086
192708
135749
155798
106596
143416
105399
143092
195019
158028
130108
116918
187179
150946
103881
123150
149302
111304
130268
119200
129097
166653
142011
162593
107971
176745
150938
197885
103474
166142
147593
107228
188005
122516
136422
195666
137025
165845