9694
6740
3252
6843
4957
1183
1885
4979
8258
8870
3567
1828
9693
2316
3005
4751
9906
8761
4436
6091
6635
2341
5560
8372
5854
4165
8594
3409
7312
7317
9823
5207
6103
1539
3968
3392
5055
5839
8643
2350
9456
1156
8291
1447
2563
3061
1450
5930
2328
2615
1852
3172
9432
1963
1828
1587
7117
3848
7954
3194
2045
8789
8255
3404
5411
3996
3221
6376
8607
5976
3846
1953
1051
2248
8559
4252
9518
6101
2472
2275
3569
5367
6885
5344
6653
4795
1632
1145
9768
9683
9207
1107
4898
3921
4575
5495
4003
9970
7747
3637
5082
2455
6529
9485
2812
8642
1239
7084
7976
6676
1251
6232
3021
8843
1425
2043
5059
8281
8885
4080
6538
7157
1151
5121
1187
2297
2792
5520
2275
2961
8892
3609
1125
2217
2695
1595
1949
7146
6574
9987
1934
8881
3987
9845
9881
7915
3505
6580
9898
3150
5551
4971
9788
8875
8051
5128
4294
9937
2383
6381
2401
8710
7494
4954
5009
1586
3078
7299
5170
8187
3021
3164
9324
2480
9107
5988
7323
4117
2488
1260
5078
4904
7815
1253
6351
8822
8285
1434
9050
7858
3474
6368
5716
5357
9945
9122
7294
3658
7302
6692