27180319
27726058
27168522
27175694
27488599
27945229
27126829
27252734
27710872
27113338
27936599
27131799
27446066
27787170
27936259
27527685
27385168
27734186
27075949
27331008
27224716
27058960
27812800
27862858
27008032
27815516
27624509
27242105
27931516
27984387
27654455
27631550
27725544
27815398
27249558
27751904
27453315
27942279
27182659
27371166
27029142
27123457
27476361
27610999
27789575
27873177
27831021
27395805
27962848
27169138
27257367
27826847
27491329
27029321
27269163
27288784
27229497
27191430
27426117
27897346
27302454
27399614
27427881
27311215
27370440
27837305
27607718
27139885
27028144
27079966
27047404
27382045
27401190
27245912
27549402
27060156
27656176
27555080
27641436
27972648
27671222
27433970
27713303
27189259
27003647
27494873
27379731
27454894
27912057
27236828
27523586
27215460
27968945
27751330
27254963
27566601
27880881
27667151
27536528
27014633
27178008
27139123
27928811
27059297
27728803
27167477
27900251
27379468
27665902
27410385
27108116
27226915
27555334
27018182
27787766
27875416
27824297
27703183
27850211
27179454
27965610
27815856
27980698
27720719
27190155
27577146
27726089
27830331
27414133
27071518
27441153
27237375
27670339
27349296
27742862
27943740
27512292
27529158
27137741
27334051
27934909
27352026
27056747
27526862
27184874
27318049
27635840
27884050
27543415
27861200
27366191
27829762
27200453
27509446
27274146
27100280
27907464
27663737
27226330
27733391
27047365
27283996
27381445
27026991
27583838
27734715
27647836
27657763
27661420
27586554
27524819
27281058
27799281
27637096
27755452
27596965
27299007
27094020
27616528
27946577
27788206
27906983
27393101
27365203
27286454
27975652
27979890
27884065
27136873
27798377
27031495
27578182
27413850
27798286
27346335
27764822
27205467
27401505
27724794
27124011
27421042
27713345
27960991
27715738
27920407
27300299
27021953
27350551
27150094
27139702
27105262
27564030
27012388
27601916
27301929
27142333
27251711
27503767
27357606
27570402
27849440
27228868
27637494
27430108
27843736
27902081
27526398
27578700
27325573
27834088
27592538
27660819
27639931
27085431
27001497
27972803
27554204
27727020
27921426
27870687
27803550
27995887
27069195
27324636
27269255
27949245
27434640
27693494
27145062
27683769
27218814
27513765
27330272
27382099
27547678
27280297
27258086
27535414
27793218
27160808
27292204
27968503
27841385
27557337
27636848
27033108
27901507
27860163
27591766
27809380
27669317
27490006
27862705
27072440
27024576
27180730
27195129
27198833
27521874
27981615
27201485
27660775
27984806
27213930
27947524
27483447
27273782
27424406
27274134
27740924
27432461
27645130
27145007
27337807
27170952
27467823
27514796
27504757
27280952
27679227
27253706
27366024
27809104
27994924
27955748
27207164
27340455
27484714
27283791
27055108
27458882
27640933
27146658
27133959
27671630
27164986
27389865
27536757
27520123
27416818
27896225
27601287
27739520
27858659
27500804
27084010
27479650
27011311
27686412
27495258
27884726
27676486
27984989
27469581
27288092
27988487
27263399
27637918
27047770
27758491
27211022
27216614
27206697
27477509
27304483
27258654
27945638
27266985
27785973
27672790
27146362
27796594
27250494
27387288
27581296
27439000
27459114
27623325
27504241
27827014
27693700
27966848
27410904
27513025
27545193
27431301
27096595
27727537
27888911
27411307
27597645
27734365
27225730
27672943
27598483
27111374
27870735
27699792
27833648
27618719
27218968
27105266
27677498
27082625
27111535
27765402
27307201
27574577
27759590
27921210
27718942
27383607
27280749
27829675
27563783
27395176
27432930
27545671
27024088
27442610
27921428
27333220
27432401
27784029
27824049
27643952
27328346
27835651
27435133
27141686
27917199
27471259
27572867
27343643
27037532
27084313
27392658
27807709
27274838
27740261
27738047
27907460
27948830
27030883
27950580
27156694
27744763
27162890
27020306
27386458
27899024
27890710
27059250
27002067
27260232
27637872
27589635
27553930
27727410
27812278
27542679
27127291
27216796
27510666
27494003
27060833
27320698
27277259
27461162
27691103
27028758
27116097
27208313
27640353
27199177
27234282
27549575
27517067
27959775
27002228
27678716
27379615
27293270
27755492
27637820
27225946
27858966
27249917
27818321
27776124
27374713
27626021
27343895
27567177
27891433
27579857
27665458
27501449
27707020
27104027
27841677
27813397
27056618
27138350
27084135
27268631
27152797
27544042
27773391
27336232
27953270
27624321
27177699
27811792
27059253
27999445
27744946
27400709
27297802
27521494