24 79 70 95
58 36 96 48
37 96 91 11
60 40 31 10
10 58 32 40
97 55 24 55
47 41 59 43
72 90 53 17
89 35 59 29
68 31 68 36
18 53 51 97
68 19 78 28
57 69 37 34
15 57 70 38
24 73 46 98
28 20 31 35
37 19 91 36
27 23 42 90
84 73 14 40
25 46 44 92
13 78 32 87
85 83 36 66
89 92 86 10
71 90 74 62
13 76 34 20
53 20 90 80
45 81 58 75
77 82 95 49
59 19 86 61
86 21 99 25
77 96 70 43
60 41 81 15
23 88 28 10
43 48 16 64
18 87 83 54
46 41 20 98
56 42 91 43
49 29 25 87
62 21 28 67
18 54 12 41
73 84 74 12
91 45 80 14
64 65 45 39
50 30 50 30
67 65 30 88
76 69 30 30
80 98 63 79
87 16 55 34
94 99 11 89
63 71 81 31
85 38 31 44
95 52 62 61
21 52 79 11
38 50 39 72
52 48 83 26
35 93 74 29
39 66 46 65
26 70 35 41
82 15 57 45
26 37 12 74
28 22 50 47
98 78 33 65
47 33 81 64
61 48 76 92
94 56 67 11
45 40 13 56
76 24 83 66
80 69 77 44
99 39 40 51
93 59 42 14
60 37 51 85
49 54 73 79
63 38 23 75
88 17 42 22
22 29 29 19
42 12 13 60
27 21 84 15
14 32 13 96
15 47 55 75
49 68 97 78
66 43 38 14
26 92 16 56
44 27 19 39
21 62 93 72
35 33 18 64
75 57 32 71
11 25 61 63
22 44 53 25
82 22 33 17
51 23 24 26
17 69 72 46
97 82 23 36
27 67 27 54
95 84 34 86
12 99 77 34
85 16 18 88
58 16 20 93
52 94 17 94
71 89 33 32